((("X1" .
   [1 0])
  ("mu1" .
   [2 0 0])
  ("mu0" .
   [2 0 0])
  ("X0" .
   [1 0])
  ("golub" .
   [3 0 0 0 0])
  ("golub.cl" .
   [1 0 0 0 0 0 0 0])
  ("leuk" .
   [1 0 0 0])
  ("arrange" .
   [0 0 0 0 1 0 0])
  ("update.packages" .
   [0 0 0 0 0 0 0 0 1 0 0 0 0 0 0])
  ("setwd" .
   [1 0 0 0 0])
  ("tli.table" .
   [1 0 0 0 0 0 0 0 0])
  ("rcauchy" .
   [1 0 1 1 0 0 0])
  ("rt" .
   [3 0])
  ("haha" .
   [1 0 0 0])
  ("delta" .
   [1 0 0 0 0])
  ("comp" .
   [5 0 0 0])
  ("list.summary" .
   [2 0 0 0 0 0 1 1 2 0 0 0])
  ("paste" .
   [1 0 0 0 0])
  ("comp.summary" .
   [0 0 0 0 0 0 0 1 2 0 0 0])
  ("comp.sd" .
   [1 0 0 0 0 0 0])
  ("comp.mean" .
   [1 0 0 0 0 0 0 0 0])
  ("sapply" .
   [2 0 0 0 0 0])
  ("rownames" .
   [0 0 0 0 1 0 0 0])
  ("comp.mat" .
   [5 0 0 0 0 0 0 0])
  ("result.tmp" .
   [1 0 0 0 0 0 3 1 0 0])
  ("list" .
   [5 0 0 0])
  ("result" .
   [1 0 0 0 0 0])
  ("beta.lda" .
   [3 0 0 0 0 0 0 0])
  ("beta1.lda" .
   [0 0 0 0 0 1 0 0 0])
  ("sigma" .
   [1 0 0 0 0])
  ("beta0.lda" .
   [0 0 0 0 1 1 1 0 0])
  ("inv.sigma" .
   [0 0 0 0 2 1 0 0 0])
  ("X0.center" .
   [1 0 1 0 2 0 0 0 0])
  ("X1.center" .
   [0 0 0 1 0 0 0 0 0])
  ("logit.coef" .
   [0 0 0 0 0 0 2 1 0 0])
  ("log" .
   [1 0 0])
  ("pi1.hat" .
   [0 0 0 1 0 0 0])
  ("pi0.hat" .
   [0 0 0 1 0 0 0])
  ("mean.mat" .
   [3 0 0 0 0 0 0 0])
  ("mean.vec" .
   [1 0 0 0 0 0 0 0])
  ("mu1.lda" .
   [0 0 0 2 0 0 0])
  ("mu0.lda" .
   [2 0 5 4 0 0 0])
  ("as.matrix" .
   [1 0 0 0 0 0 0 0 0])
  ("ldafit$means" .
   [2 0 0 0 0 0 0 0 0 0 0 0])
  ("logit$coefficients" .
   [0 0 0 0 0 0 0 0 0 0 1 0 0 0 0 0 0 0])
  ("test.class" .
   [5 0 0 0 0 0 0 0 0 0])
  ("Wtest.lda" .
   [4 0 0 0 0 0 0 0 0])
  ("Wtrain.lda" .
   [3 0 0 1 0 0 0 0 0 0])
  ("$class" .
   [1 0 0 0 0 0])
  ("train.class" .
   [2 0 0 0 0 0 0 0 0 0 0])
  ("ldafit" .
   [3 0 0 0 0 0])
  ("lda" .
   [3 0 0])
  ("Wtest.logit" .
   [0 0 0 0 1 5 0 0 0 0 0])
  ("colnames" .
   [6 0 0 0 0 0 0 0])
  ("data.frame" .
   [1 0 0 0 0 0 0 0 0 0])
  ("Xtest" .
   [5 0 0 0 0])
  ("predict.glm" .
   [1 0 0 0 0 0 0 0 0 0 0])
  ("logit" .
   [2 0 0 0 0])
  ("as.data.frame" .
   [0 0 0 0 0 0 0 0 1 0 0 0 0])
  ("Wtrain.logit" .
   [0 0 0 5 3 0 2 1 0 0 0 0])
  ("test.fitG" .
   [1 0 0 0 0 0 0 0 0])
  ("test.prob" .
   [3 0 0 1 0 1 1 0 0])
  ("predict" .
   [1 0 0 0 2 0 0])
  ("sum" .
   [7 0 0])
  ("train.fit" .
   [1 0 0 0 0 0 0 0 0])
  ("train.prob" .
   [2 0 0 0 0 0 0 0 0 0])
  ("logit$fit" .
   [1 0 0 0 0 0 0 0 0])
  ("glm" .
   [2 0 0])
  ("Sigma" .
   [2 0 0 0 2])
  ("comp.tmp" .
   [2 0 0 0 1 1 1 0])
  ("Xtrain" .
   [3 0 0 1 0 0])
  ("train.index" .
   [2 0 0 0 0 2 5 0 0 0 0])
  ("ytrain" .
   [4 0 0 1 0 0])
  ("Nrep" .
   [7 0 0 0])
  ("Ntest" .
   [10 0 1 0 0])
  ("Ntrain" .
   [10 0 0 0 0 0])
  ("frame" .
   [0 0 1 0 0])
  ("ar" .
   [1 0])
  ("fr" .
   [2 0])
  ("single" .
   [1 0 0 0 0 0])
  ("Xb" .
   [1 0])
  ("p.vec" .
   [1 0 0 0 0])
  ("delta.vec" .
   [1 0 0 0 0 0 0 0 0])
  ("pi.vec" .
   [2 0 0 0 0 0])
  ("pi" .
   [11 0])
  ("wolf.weight" .
   [0 0 0 0 0 0 0 0 1 0 0])
  ("wolf.length" .
   [0 0 0 0 1 0 0 0 0 0 0])
  ("sign" .
   [1 0 0 0])
  ("rule" .
   [2 0 0 0])
  ("Form" .
   [1 0 0 0])
  ("addmargins" .
   [0 0 0 0 0 0 1 0 0 0])
  ("than" .
   [1 0 0 0])
  ("better" .
   [2 0 0 0 0 0])
  ("might" .
   [1 0 0 0 0])
  ("objects" .
   [1 0 0 0 0 0 0])
  ("applied" .
   [1 0 0 0 0 0 0])
  ("split" .
   [1 0 0 0 0])
  ("tapply" .
   [2 0 0 0 0 0])
  ("factor" .
   [1 0 0 0 0 0])
  ("factorial" .
   [0 0 0 0 1 0 0 0 0])
  ("plot.ts" .
   [1 0 0 0 0 0 0])
  ("union" .
   [1 0 0 0 0])
  ("setClass" .
   [1 0 0 0 0 0 0 0])
  ("dev.new" .
   [4 0 0 0 1 0 0])
  ("wireframe" .
   [1 0 0 0 1 1 0 0 0])
  ("eg$x" .
   [1 0 0 0])
  ("eg$z" .
   [1 0 0 0])
  ("expand.grid" .
   [0 0 0 0 0 0 1 0 0 0 0])
  ("eg" .
   [3 0])
  ("1:20" .
   [1 0 0 0])
  ("persp" .
   [0 0 0 0 1])
  ("dev.cur" .
   [2 0 0 0 0 0 0])
  ("dev.list" .
   [2 0 0 0 0 0 0 0])
  ("f1" .
   [1 0])
  ("substitute" .
   [0 0 0 0 0 0 1 0 0 0])
  ("curve" .
   [6 0 0 0 0])
  ("loess" .
   [1 0 0 0 0])
  ("lowess" .
   [1 0 0 0 0 0])
  ("poly" .
   [1 0 0 0])
  ("polygon" .
   [3 0 0 0 0 0 0])
  ("xlim" .
   [1 0 0 0])
  ("size" .
   [1 0 0 0])
  ("cex" .
   [1 0 0])
  ("replayPlot" .
   [0 0 0 0 0 0 1 0 0 0])
  ("recordPlot" .
   [0 0 0 0 0 0 1 0 0 0])
  ("Re" .
   [1 0])
  ("want" .
   [1 0 0 0])
  ("vi" .
   [1 0])
  ("locator" .
   [1 0 0 0 0 0 0])
  ("2.5" .
   [1 0 0])
  ("text" .
   [12 0 0 0])
  ("ylab" .
   [1 0 0 0])
  ("xlab" .
   [1 0 0 0])
  ("type" .
   [1 0 0 0])
  ("0.999" .
   [1 0 0 0 0])
  ("dbinom" .
   [1 0 0 0 0 0])
  ("rbinom" .
   [0 0 0 1 0 1])
  ("matrixa" .
   [1 0 0 0 0 0 0])
  ("almostEqual" .
   [0 0 0 0 0 0 1 0 0 0 0])
  ("isTRUE" .
   [0 0 0 1 0 0])
  ("all" .
   [2 0 0])
  ("print" .
   [8 0 0 0 0])
  ("all.vars" .
   [0 0 0 0 1 0 0 0])
  ("all.equal" .
   [1 0 0 0 1 0 1 1 0])
  ("options" .
   [1 0 0 0 0 0 0])
  ("selt1.pos" .
   [2 0 0 0 0 0 0 0 0])
  ("selt2" .
   [1 0 0 0 0])
  ("test21" .
   [1 0 0 0 0 0])
  ("delta.lamda" .
   [4 0 0 0 0 0 0 0 0 0 0])
  ("selt.pos" .
   [1 0 0 0 0 1 0 0])
  ("selt" .
   [4 0 0 0])
  ("b" .
   [13])
  ("pos.index1" .
   [1 0 0 0 0 0 0 0 0 0])
  ("pos.index" .
   [0 0 0 1 1 0 0 1 0])
  ("selt1" .
   [4 0 0 1 3])
  ("break" .
   [2 0 0 0 0])
  ("eta" .
   [1 0 0])
  ("delta.lamda2" .
   [5 0 0 0 0 0 0 1 0 0 0 0])
  ("delta.lamda1" .
   [0 0 0 4 0 3 2 0 1 0 0 1])
  ("a2" .
   [9 0])
  ("m1" .
   [2 0])
  ("lambda" .
   [1 0 0 0 1 0])
  ("t2" .
   [2 0])
  ("t1" .
   [2 0])
  ("test$lambda" .
   [0 0 0 0 0 1 1 0 1 0 0])
  ("object$lambda" .
   [0 0 0 0 0 0 0 0 0 1 0 0 0])
  ("object" .
   [1 0 0 0 0 0])
  ("attach" .
   [1 0 0 0 0 0])
  ("test" .
   [6 0 0 0])
  ("lars" .
   [6 0 0 0])
  ("nonsparse_ind" .
   [0 0 0 4 8 2 0 0 0 0 0 0 0])
  ("sparse_ind" .
   [1 0 3 1 6 1 1 0 0 0])
  ("avec" .
   [1 0 0 0])
  ("mupq" .
   [2 0 0 0])
  ("ncol" .
   [7 0 0 0])
  ("lamda.vec" .
   [2 0 6 31 0 1 0 1 0])
  ("lamda" .
   [0 0 0 1 0])
  ("beta.mat" .
   [54 0 0 0 0 2 5 1])
  ("muq" .
   [3 0 0])
  ("runif" .
   [2 0 0 0 0])
  ("mu" .
   [29 0])
  ("sample" .
   [1 0 0 0 0 0])
  ("solve.QP" .
   [1 0 0 0 0 0 0 0])
  ("first" .
   [1 0 0 0 0])
  ("it" .
   [1 0])
  ("need" .
   [1 0 0 0])
  ("variable" .
   [1 0 0 0 0 0 0 0])
  ("perform" .
   [0 0 0 1 0 0 0])
  ("corn" .
   [4 0 0 0])
  ("FREQ" .
   [1 0 0 0])
  ("proc" .
   [1 0 0 0])
  ("catyield" .
   [0 0 0 2 0 0 0 0])
  ("yield" .
   [1 0 0 0 0])
  ("catrain" .
   [2 0 0 0 1 0 0])
  ("ELSE" .
   [2 0 0 0])
  ("THEN" .
   [1 0 0 1])
  ("rain" .
   [1 0 0 0])
  ("IF" .
   [2 0])
  ("PLOT" .
   [2 0 0 0])
  ("date" .
   [5 0 0 0])
  ("oil2" .
   [3 0 0 0])
  ("MEANS" .
   [2 0 1 0 0])
  ("CLASS" .
   [0 0 0 1 0])
  ("oil1" .
   [1 0 0 0])
  ("ANOVA" .
   [0 0 1 0 0])
  ("cost" .
   [3 0 0 0])
  ("VAR" .
   [2 0 0])
  ("group" .
   [4 0 0 0 0])
  ("c" .
   [4])
  ("value" .
   [1 0 0 0 0])
  ("o" .
   [1])
  ("The" .
   [1 0 0])
  ("imported" .
   [0 0 2 2 2 1 0 0])
  ("domestic" .
   [2 0 1 3 0 0 0 0])
  ("diff" .
   [1 0 0 1])
  ("oil" .
   [4 0 0])
  ("PRINT" .
   [2 0 0 0 0])
  ("PROC" .
   [13 0 0 0])
  ("RUN" .
   [14 0 0])
  ("INPUT" .
   [0 0 0 1 0])
  ("INFILE" .
   [0 0 0 0 0 1])
  ("DATA" .
   [2 0 0 0])
  ("the" .
   [2 0 0])
  ("in" .
   [2 0])
  ("no" .
   [1 0])
  ("be" .
   [1 0])
  ("here" .
   [2 0 0 0])
  ("without" .
   [1 0 0 0 0 0 0])
  ("nycflights13_sqlite" .
   [0 0 1 0 0 0 0 0 0 0 0 0 0 0 0 0 0 0 0])
  ("version" .
   [1 0 0 0 0 0 0])
  ("ptm1" .
   [2 0 0 0])
  ("ptm" .
   [5 0 0])
  ("proc.time" .
   [2 0 0 2 2 1 0 0 1])
  ("system.time" .
   [0 0 0 0 0 0 0 0 0 1 0])
  ("o1" .
   [1 0])
  ("Posdef" .
   [2 0 0 0 0 0])
  ("InvUpdate1" .
   [1 0 1 0 0 1 0 0 0 0])
  ("InvUpdate2" .
   [1 0 0 2 0 0 0 0 0 0])
  ("beta_0" .
   [0 0 0 0 16 0])
  ("beta" .
   [33 0 0 0])
  ("w" .
   [2])
  ("o2" .
   [4 0])
  ("Inv" .
   [4 0 0])
  ("x1" .
   [1 0])
  ("Math" .
   [1 0 0 0])
  ("order" .
   [10 0 0 0 0])
  ("set.seed" .
   [0 0 0 0 1 0 0 0])
  ("20.5" .
   [1 0 0 0])
  ("1.08" .
   [6 0 0 0])
  ("example" .
   [2 0 1 1 2 2 0])
  ("princomp" .
   [0 0 0 0 0 0 0 2])
  ("Baseball" .
   [0 0 0 1 0 0 0 0])
  ("dgamma" .
   [1 0 0 0 1 0])
  ("Gamma" .
   [0 0 0 0 1])
  ("lines" .
   [4 0 0 0 0])
  ("ecdf" .
   [1 0 0 0])
  ("rnorm" .
   [2 0 0 2 0])
  ("n" .
   [2])
  ("colSums" .
   [1 0 0 0 2 0 0])
  ("else" .
   [2 0 0 0])
  ("cond" .
   [1 0 0 0])
  ("define" .
   [1 0 3 0 0 0])
  ("pmax" .
   [3 0 0 0])
  ("yvect" .
   [5 0 0 0 0])
  ("identical" .
   [1 0 0 0 0 0 0 0 0])
  ("xvect" .
   [5 0 0 0 0])
  ("matrix" .
   [26 0 0 3 3 0])
  ("vector" .
   [3 0 1 0 0 0])
  ("rowSums" .
   [0 0 0 0 1 0 0])
  ("VecCount" .
   [0 0 2 5 0 0 0 0])
  ("outer" .
   [6 0 0 0 0])
  ("dimLL" .
   [1 0 0 0 0])
  ("dlmMLE" .
   [1 0 0 0 0 0])
  ("summarize" .
   [1 0 0 0 0 0 0 0 0])
  ("ddply" .
   [0 0 1 0 0])
  ("fit1" .
   [2 0 0 0])
  ("ind3" .
   [1 0 0 0])
  ("ind2" .
   [1 0 0 0])
  ("ind1" .
   [3 0 0 0])
  ("AR" .
   [1 0])
  ("ind.min" .
   [7 0 0 0 0 1 0])
  ("which" .
   [18 0 0 0 0])
  ("aicall" .
   [1 0 0 0 0 0])
  ("Summary" .
   [0 0 0 0 4 0 0])
  ("res" .
   [1 0 0])
  ("quit" .
   [1 0 0 0])
  ("c22" .
   [1 0 0])
  ("as.dist" .
   [5 0 0 0 0 1 1])
  ("hclust" .
   [2 0 0 0 0 0])
  ("hc1" .
   [2 0 1])
  ("c21" .
   [7 0 2])
  ("CPP" .
   [1 0 0])
  ("as.numeric" .
   [1 0 0 0 0 0 1 1 0 0])
  ("as.vector" .
   [0 0 0 0 0 2 0 0 0])
  ("read.csv" .
   [2 0 0 0 0 0 1 0])
  ("sp" .
   [2 0])
  ("qt" .
   [1 0])
  ("sd" .
   [3 0])
  ("pnorm" .
   [1 0 0 1 1])
  ("qnorm" .
   [3 0 1 0 0])
  ("readLines" .
   [0 0 0 0 0 1 0 0 0])
  ("is.vector" .
   [1 0 0 0 0 3 1 0 0])
  ("good" .
   [1 0 0 0])
  ("very" .
   [1 0 0 0])
  ("arima" .
   [1 0 0 1 0])
  ("cube" .
   [1 0 0 0])
  ("seq" .
   [5 0 0])
  ("search" .
   [2 0 0 0 1 0])
  ("library" .
   [1 0 6 6 1 0 0])
  ("tmp$Ozone" .
   [0 0 0 0 0 1 0 0 0])
  ("tmp$Temp" .
   [0 0 0 0 1 0 0 0])
  ("mean" .
   [11 0 0 0])
  ("tmp" .
   [28 0 0])
  ("tmp$Month" .
   [0 0 0 0 1 1 0 0 0])
  ("max" .
   [11 0 0])
  ("read.table" .
   [1 0 0 1 2 0 0 0 0 0])
  ("bibitem1" .
   [1 0 0 0 0 0 0 0])
  ("function" .
   [6 0 1 1 2 0 0 0])
  ("rbivariate" .
   [0 0 0 0 1 1 0 0 0 0])
  ("plot" .
   [27 0 1 0])
  ("is.data.frame" .
   [0 0 0 0 0 0 1 2 0 0 0 0 0])
  ("is.list" .
   [2 0 0 0 0 0 0])
  ("var" .
   [4 0 0])
  ("is" .
   [2 0])
  ("is.matrix" .
   [1 0 0 0 0 6 2 0 0])
  ("replicate" .
   [0 0 0 0 2 2 0 0 0])
  ("is.array" .
   [0 0 0 0 0 2 1 0])
  ("0.5" .
   [4 0 0])
  ("mvrnorm" .
   [1 0 1 1 1 0 0])
  ("i" .
   [6])
  ("sqrt" .
   [3 0 3 2])
  ("v" .
   [2])
  ("cov" .
   [4 0 0])
  ("chol" .
   [1 0 0 1])
  ("install.packages" .
   [0 0 0 5 5 3 3 1 0 0 0 0 0 0 0 0])
  ("mroot" .
   [1 0 0 0 0])
  ("det" .
   [1 0 0])
  ("svd" .
   [4 0 0])
  ("svdt$u" .
   [2 0 0 0 0 0])
  ("diag" .
   [4 0 0 0])
  ("svdt" .
   [1 0 0 0])
  ("eigen" .
   [5 0 1 0 0])
  ("s" .
   [3])
  ("s0" .
   [3 0])
  ("m" .
   [3])
  ("rowMeans" .
   [0 0 0 0 2 0 0 0])
  ("colMeans" .
   [3 0 0 4 3 0 0 0])
  ("solve" .
   [10 0 0 0 1])
  ("s1" .
   [2 0])
  ("return" .
   [4 0 1 1 3 0])
  ("Wgen" .
   [1 0 0 0])
  ("whole" .
   [5 0 0 0 0])
  ("w0" .
   [4 0])
  ("w1" .
   [3 0])
  ("density" .
   [4 0 0 1 0 0 0])
  ("p" .
   [10])
  ("par" .
   [4 0 0])
  ("0.9" .
   [4 0 1])
  ("0.6" .
   [2 0 0])
  ("dev.copy" .
   [1 0 0 0 0 0 0 0])
  ("dev.off" .
   [6 0 0 3 1 0 0])
  ("pdf" .
   [9 0 0])
  ("chooseCRANmirror" .
   [0 0 0 0 0 0 1 1 0 0 0 0 0 0 0 0])
  ("dlm" .
   [1 0 0])
  ("dlmFilter" .
   [0 0 0 1 1 0 0 0 0])
  ("13.06395" .
   [0 0 0 1 0 0 0 0])
  ("AAA" .
   [1 0 0])
  ("head" .
   [20 0 0 0])
  ("table" .
   [2 0 0 0 0])
  ("ls" .
   [12 0])
  ("to" .
   [3 0])
  ("data" .
   [21 0 0 0])
  ("set" .
   [3 0 0])
  ("Prediction" .
   [0 0 0 0 0 1 0 0 0 0])
  ("of" .
   [1 0])
  ("from" .
   [2 0 0 0])
  ("minority" .
   [1 0 0 0 0 0 0 0])
  ("rm" .
   [8 0])
  ("header" .
   [0 0 0 1 0 0])
  ("TRUE" .
   [3 0 0 0])
  ("getwd" .
   [9 0 0 0 0])
  ("dim" .
   [15 0 0])
  ("xd" .
   [1 0])
  ("index" .
   [25 0 0 1 0])
  ("xdo" .
   [5 0 0])
  ("png" .
   [12 0 0])
  ("t" .
   [13])
  ("abline" .
   [3 0 0 0 0 0])
  ("tmp2" .
   [6 0 0 0])
  ("tmp3" .
   [5 0 0 0])
  ("array" .
   [4 0 0 0 0])
  ("for" .
   [8 0 0])
  ("1:length" .
   [1 0 0 0 0 0 1 0])
  ("tmp1" .
   [7 0 0 0])
  ("l" .
   [4])
  ("1:" .
   [1 0])
  ("length" .
   [2 0 2 10 2 2])
  ("dlmLL" .
   [5 0 0 0 0])
  ("loglik" .
   [5 0 0 0 0 1])
  ("names" .
   [4 0 0 0 0])
  ("unique" .
   [1 0 0 0 0 0])
  ("str" .
   [12 0 0])
  ("cor" .
   [3 0 0])
  ("c31" .
   [6 0 1])
  ("a" .
   [5])
  ("c32" .
   [2 0 0])
  ("ttc1" .
   [1 0 0 0])
  ("cc11" .
   [2 0 0 0])
  ("c11" .
   [1 0 0])
  ("pam" .
   [1 0 0])
  ("iris" .
   [1 0 0 0])
  ("dist" .
   [1 0 0 0])
  ("rw" .
   [2 0])
  ("std" .
   [1 0 0])
  ("If" .
   [1 0])
  ("Inf" .
   [15 0 0])
  ("NA" .
   [5 0])
  ("nrow" .
   [6 0 1 0])
  ("max.col" .
   [0 0 0 0 1 0 0])
  ("apply" .
   [7 0 0 0 0])
  ("rep" .
   [9 0 0])
  ("col.max" .
   [4 0 0 0 0 0 0])
  ("FALSE" .
   [5 0 0 1 0])
  ("is.na" .
   [2 0 0 0 0])
  ("is.infinite" .
   [0 0 0 0 0 0 2 0 0 0 0])
  ("column" .
   [2 0 0 0 0 0])
  ("by" .
   [5 0])
  ("col.mean" .
   [3 0 0 0 0 0 0 0])
  ("factanal" .
   [1 0 0 0 0 0 0 0])
  ("pr.x" .
   [1 0 0 0])
  ("summary" .
   [9 0 1 0 0 0 0])
  ("loadings" .
   [1 0 0 0 0 0 0 0])
  ("screeplot" .
   [1 0 0 0 0 0 0 0 0])
  ("merge" .
   [2 0 0 0 0])
  ("sort" .
   [2 0 0 0])
  ("sweep" .
   [1 0 0 0 0])
  ("transform" .
   [2 0 0 0 0 0 0 0 0])
  ("Sig" .
   [31 0 0])
  ("act" .
   [32 0 0])
  ("drop" .
   [3 0 0 0])
  ("d" .
   [13])
  ("cbind" .
   [2 0 0 0 0])
  ("Sig.inv" .
   [4 0 2 3 5 1 3])
  ("index.vec" .
   [2 0 0 0 0 0 0 0 2])
  ("tmp.block" .
   [0 0 0 0 1 1 0 0 0])
  ("rbind" .
   [3 0 0 0 0])
  ("Inv1" .
   [10 0 0 0])
  ("d1" .
   [1 0])
  ("block3" .
   [5 0 0 0 0 0])
  ("vec3" .
   [1 0 0 0])
  ("index.vec2" .
   [5 0 0 0 0 0 0 0 0 0])
  ("block4" .
   [2 0 0 0 0 0])
  ("nonact" .
   [12 0 0 2 0 0])
  ("integer" .
   [2 0 0 0 0 0 0])
  ("idq" .
   [2 0 0])
  ("block1" .
   [1 0 0 0 0 0])
  ("block2" .
   [2 0 0 0 0 0])
  ("if" .
   [5 0])
  ("atom?" .
   [1 0 0 0 0])
  ("and" .
   [1 0 0])
  ("not" .
   [1 0 0])
  ("Ba" .
   [2 0])
  ("complete.cases" .
   [0 0 0 0 0 0 0 0 1 0 0 0 0 0])
  ("atan2" .
   [1 0 0 0 0])
  ("range" .
   [1 0 0 0 0])
  ("xor" .
   [1 0 0])
  ("yes" .
   [1 0 0])
  ("x$you" .
   [1 0 0 1 0])
  ("foo" .
   [2 0 0])
  ("is.numeric" .
   [0 0 0 0 0 0 1 0 0 0])
  ("is.factor" .
   [1 0 0 0 0 1 0 0 0])
  ("nil" .
   [1 0 0])
  ("id" .
   [2 0])
  ("A" .
   [1])
  ("ph" .
   [2 0])
  ("No" .
   [2 0])
  ("Al" .
   [1 0])
  ("As" .
   [1 0])
  ("wine" .
   [2 0 0 0])
  ("tol" .
   [1 0 0])
  ("m1$lambda" .
   [0 0 0 2 0 0 0 0 0])
  ("m2$lambda" .
   [0 0 1 0 2 0 0 0 0])
  ("m3$lambda" .
   [0 0 1 2 1 0 0 0 0])
  ("m4$lambda" .
   [0 0 2 1 1 0 0 0 0])
  ("a1" .
   [2 0])
  ("m2" .
   [1 0])
  ("m3" .
   [1 0])
  ("lapply" .
   [0 0 0 0 0 1])
  ("gl" .
   [3 0])
  ("mapply" .
   [2 0 0 0 0 0])
  ("help" .
   [2 0 0 0])
  ("more" .
   [1 0 0 0])
  ("de" .
   [2 0])
  ("min" .
   [3 0 0])
  ("y.max" .
   [2 0 0 0 0])
  ("y.min" .
   [2 0 0 0 0])
  ("y.med" .
   [1 0 0 0 0])
  ("lm" .
   [1 0])
  ("m.data" .
   [1 0 0 0 0 0])
  ("attributes" .
   [0 0 0 0 0 0 1 0 0 0])
  ("f.data" .
   [1 0 0 0 0 0])
  ("dir" .
   [1 0 0])
  ("doc.names" .
   [0 0 0 2 0 0 0 0 0])
  ("stem" .
   [1 0 0 0])
  ("psigamma" .
   [0 0 1 0 0 0 0 0])
  ("jpeg" .
   [1 0 0 0])))
