((("is.factor" .
   [1 0 0 0 0 0 0 0 0])
  ("is.numeric" .
   [0 0 0 0 0 0 1 0 0 0])
  ("foo" .
   [2 0 0])
  ("x$you" .
   [1 0 0 1 0])
  ("yes" .
   [1 0 0])
  ("xor" .
   [1 0 0])
  ("range" .
   [1 0 0 0 0])
  ("atan2" .
   [1 0 0 0 0])
  ("complete.cases" .
   [0 0 0 0 0 0 0 0 1 0 0 0 0 0])
  ("Ba" .
   [2 0])
  ("not" .
   [1 0 0])
  ("and" .
   [1 0 0])
  ("atom?" .
   [1 0 0 0 0])
  ("if" .
   [1 0])
  ("block2" .
   [2 0 0 0 0 0])
  ("block1" .
   [1 0 0 0 0 0])
  ("idq" .
   [2 0 0])
  ("integer" .
   [2 0 0 0 0 0 0])
  ("nonact" .
   [11 0 0 2 0 0])
  ("block4" .
   [2 0 0 0 0 0])
  ("index.vec2" .
   [5 0 0 0 0 0 0 0 0 0])
  ("vec3" .
   [1 0 0 0])
  ("block3" .
   [5 0 0 0 0 0])
  ("d1" .
   [1 0])
  ("Inv1" .
   [10 0 0 0])
  ("rbind" .
   [2 0 0 0 0])
  ("tmp.block" .
   [0 0 0 0 1 1 0 0 0])
  ("index.vec" .
   [2 0 0 0 0 0 0 0 2])
  ("Sig.inv" .
   [4 0 1 1 5 1 3])
  ("cbind" .
   [2 0 0 0 0])
  ("d" .
   [4])
  ("drop" .
   [3 0 0 0])
  ("act" .
   [19 0 0])
  ("Sig" .
   [24 0 0])
  ("transform" .
   [2 0 0 0 0 0 0 0 0])
  ("sweep" .
   [1 0 0 0 0])
  ("sort" .
   [1 0 0 0])
  ("merge" .
   [2 0 0 0 0])
  ("screeplot" .
   [1 0 0 0 0 0 0 0 0])
  ("loadings" .
   [1 0 0 0 0 0 0 0])
  ("summary" .
   [3 0 0 0 0 0 0])
  ("pr.x" .
   [1 0 0 0])
  ("factanal" .
   [1 0 0 0 0 0 0 0])
  ("col.mean" .
   [3 0 0 0 0 0 0 0])
  ("by" .
   [1 0])
  ("column" .
   [2 0 0 0 0 0])
  ("is.infinite" .
   [0 0 0 0 0 0 2 0 0 0 0])
  ("is.na" .
   [2 0 0 0 0])
  ("FALSE" .
   [4 0 0 1 0])
  ("col.max" .
   [4 0 0 0 0 0 0])
  ("rep" .
   [3 0 0])
  ("apply" .
   [1 0 0 0 0])
  ("max.col" .
   [0 0 0 0 1 0 0])
  ("nrow" .
   [1 0 0 0])
  ("NA" .
   [5 0])
  ("Inf" .
   [14 0 0])
  ("If" .
   [1 0])
  ("std" .
   [1 0 0])
  ("rw" .
   [2 0])
  ("dist" .
   [1 0 0 0])
  ("iris" .
   [1 0 0 0])
  ("pam" .
   [1 0 0])
  ("c11" .
   [1 0 0])
  ("cc11" .
   [2 0 0 0])
  ("ttc1" .
   [1 0 0 0])
  ("c32" .
   [2 0 0])
  ("a" .
   [2])
  ("c31" .
   [6 0 1])
  ("cor" .
   [2 0 0])
  ("str" .
   [4 0 0])
  ("unique" .
   [1 0 0 0 0 0])
  ("names" .
   [3 0 0 0 0])
  ("loglik" .
   [5 0 0 0 0 1])
  ("dlmLL" .
   [5 0 0 0 0])
  ("length" .
   [2 0 0 3 0 2])
  ("1:" .
   [1 0])
  ("l" .
   [3])
  ("tmp1" .
   [7 0 0 0])
  ("1:length" .
   [1 0 0 0 0 0 1 0])
  ("for" .
   [4 0 0])
  ("array" .
   [1 0 0 0 0])
  ("tmp3" .
   [5 0 0 0])
  ("tmp2" .
   [6 0 0 0])
  ("abline" .
   [1 0 0 0 0 0])
  ("t" .
   [4])
  ("png" .
   [3 0 0])
  ("xdo" .
   [5 0 0])
  ("index" .
   [18 0 0 1 0])
  ("xd" .
   [1 0])
  ("dim" .
   [4 0 0])
  ("getwd" .
   [3 0 0 0 0])
  ("TRUE" .
   [1 0 0 0])
  ("header" .
   [0 0 0 1 0 0])
  ("rm" .
   [1 0])
  ("minority" .
   [1 0 0 0 0 0 0 0])
  ("from" .
   [1 0 0 0])
  ("of" .
   [1 0])
  ("Prediction" .
   [0 0 0 0 0 1 0 0 0 0])
  ("set" .
   [2 0 0])
  ("data" .
   [3 0 0 0])
  ("to" .
   [1 0])
  ("ls" .
   [5 0])
  ("table" .
   [2 0 0 0 0])
  ("head" .
   [13 0 0 0])
  ("AAA" .
   [1 0 0])
  ("13.06395" .
   [0 0 0 1 0 0 0 0])
  ("dlmFilter" .
   [0 0 0 1 1 0 0 0 0])
  ("dlm" .
   [1 0 0])
  ("chooseCRANmirror" .
   [0 0 0 0 0 0 1 1 0 0 0 0 0 0 0 0])
  ("pdf" .
   [2 0 0])
  ("dev.off" .
   [2 0 0 0 1 0 0])
  ("dev.copy" .
   [1 0 0 0 0 0 0 0])
  ("0.6" .
   [2 0 0])
  ("0.9" .
   [4 0 1])
  ("par" .
   [2 0 0])
  ("p" .
   [4])
  ("density" .
   [4 0 0 1 0 0 0])
  ("w1" .
   [3 0])
  ("w0" .
   [4 0])
  ("whole" .
   [5 0 0 0 0])
  ("Wgen" .
   [1 0 0 0])
  ("return" .
   [3 0 1 1 2 0])
  ("s1" .
   [2 0])
  ("solve" .
   [9 0 0 0 1])
  ("colMeans" .
   [3 0 0 1 3 0 0 0])
  ("rowMeans" .
   [0 0 0 0 2 0 0 0])
  ("m" .
   [2])
  ("s0" .
   [3 0])
  ("s" .
   [1])
  ("eigen" .
   [0 0 1 0 0])
  ("svdt" .
   [1 0 0 0])
  ("diag" .
   [3 0 0 0])
  ("svdt$u" .
   [2 0 0 0 0 0])
  ("svd" .
   [4 0 0])
  ("det" .
   [1 0 0])
  ("mroot" .
   [1 0 0 0 0])
  ("install.packages" .
   [0 0 0 1 3 3 1 1 0 0 0 0 0 0 0 0])
  ("chol" .
   [1 0 0 1])
  ("cov" .
   [3 0 0])
  ("v" .
   [1])
  ("sqrt" .
   [3 0 3 2])
  ("i" .
   [5])
  ("mvrnorm" .
   [1 0 0 0 1 0 0])
  ("0.5" .
   [3 0 0])
  ("is.array" .
   [0 0 0 0 0 2 0 0])
  ("replicate" .
   [0 0 0 0 0 1 0 0 0])
  ("is.matrix" .
   [0 0 0 0 0 6 0 0 0])
  ("is" .
   [1 0])
  ("var" .
   [4 0 0])
  ("is.list" .
   [2 0 0 0 0 0 0])
  ("is.data.frame" .
   [0 0 0 0 0 0 1 2 0 0 0 0 0])
  ("plot" .
   [4 0 0 0])
  ("rbivariate" .
   [0 0 0 0 1 1 0 0 0 0])
  ("function" .
   [3 0 1 1 1 0 0 0])
  ("bibitem1" .
   [1 0 0 0 0 0 0 0])
  ("read.table" .
   [1 0 0 0 1 0 0 0 0 0])
  ("max" .
   [6 0 0])
  ("tmp$Month" .
   [0 0 0 0 1 1 0 0 0])
  ("tmp" .
   [28 0 0])
  ("mean" .
   [10 0 0 0])
  ("tmp$Temp" .
   [0 0 0 0 1 0 0 0])
  ("tmp$Ozone" .
   [0 0 0 0 0 1 0 0 0])
  ("library" .
   [0 0 3 3 0 0 0])
  ("search" .
   [1 0 0 0 1 0])
  ("seq" .
   [1 0 0])
  ("cube" .
   [1 0 0 0])
  ("arima" .
   [1 0 0 1 0])
  ("very" .
   [1 0 0 0])
  ("good" .
   [1 0 0 0])
  ("is.vector" .
   [1 0 0 0 0 2 0 0 0])
  ("readLines" .
   [0 0 0 0 0 1 0 0 0])
  ("qnorm" .
   [3 0 1 0 0])
  ("pnorm" .
   [1 0 0 1 1])
  ("sd" .
   [3 0])
  ("qt" .
   [1 0])
  ("sp" .
   [2 0])
  ("read.csv" .
   [1 0 0 0 0 0 1 0])
  ("as.vector" .
   [0 0 0 0 0 1 0 0 0])
  ("as.numeric" .
   [1 0 0 0 0 0 1 1 0 0])
  ("CPP" .
   [1 0 0])
  ("c21" .
   [7 0 2])
  ("hc1" .
   [2 0 1])
  ("hclust" .
   [2 0 0 0 0 0])
  ("as.dist" .
   [5 0 0 0 0 1 1])
  ("c22" .
   [1 0 0])
  ("quit" .
   [1 0 0 0])
  ("res" .
   [1 0 0])
  ("Summary" .
   [0 0 0 0 2 0 0])
  ("aicall" .
   [1 0 0 0 0 0])
  ("which" .
   [7 0 0 0 0])
  ("ind.min" .
   [7 0 0 0 0 1 0])
  ("AR" .
   [1 0])
  ("ind1" .
   [3 0 0 0])
  ("ind2" .
   [1 0 0 0])
  ("ind3" .
   [1 0 0 0])
  ("fit1" .
   [2 0 0 0])
  ("ddply" .
   [0 0 1 0 0])
  ("summarize" .
   [1 0 0 0 0 0 0 0 0])
  ("dlmMLE" .
   [1 0 0 0 0 0])
  ("dimLL" .
   [1 0 0 0 0])
  ("outer" .
   [5 0 0 0 0])
  ("VecCount" .
   [0 0 2 5 0 0 0 0])
  ("rowSums" .
   [0 0 0 0 1 0 0])
  ("vector" .
   [2 0 0 0 0 0])
  ("matrix" .
   [13 0 0 0 2 0])
  ("xvect" .
   [5 0 0 0 0])
  ("identical" .
   [1 0 0 0 0 0 0 0 0])
  ("yvect" .
   [5 0 0 0 0])
  ("pmax" .
   [3 0 0 0])
  ("define" .
   [1 0 3 0 0 0])
  ("cond" .
   [1 0 0 0])
  ("else" .
   [2 0 0 0])
  ("colSums" .
   [1 0 0 0 2 0 0])
  ("n" .
   [1])
  ("rnorm" .
   [1 0 0 1 0])
  ("ecdf" .
   [1 0 0 0])
  ("lines" .
   [1 0 0 0 0])
  ("Gamma" .
   [0 0 0 0 1])
  ("dgamma" .
   [1 0 0 0 1 0])
  ("Baseball" .
   [0 0 0 1 0 0 0 0])
  ("princomp" .
   [0 0 0 0 0 0 0 2])
  ("example" .
   [1 0 0 1 2 2 0])
  ("1.08" .
   [6 0 0 0])
  ("20.5" .
   [1 0 0 0])
  ("set.seed" .
   [0 0 0 0 1 0 0 0])
  ("order" .
   [7 0 0 0 0])
  ("Math" .
   [1 0 0 0])
  ("x1" .
   [1 0])
  ("Inv" .
   [4 0 0])
  ("o2" .
   [4 0])
  ("w" .
   [1])
  ("beta" .
   [2 0 0 0])
  ("beta_0" .
   [0 0 0 0 1 0])
  ("InvUpdate2" .
   [1 0 0 2 0 0 0 0 0 0])
  ("InvUpdate1" .
   [1 0 1 0 0 1 0 0 0 0])
  ("Posdef" .
   [2 0 0 0 0 0])
  ("o1" .
   [1 0])
  ("system.time" .
   [0 0 0 0 0 0 0 0 0 1 0])
  ("proc.time" .
   [2 0 0 2 2 1 0 0 1])
  ("ptm" .
   [5 0 0])
  ("ptm1" .
   [2 0 0 0])
  ("version" .
   [1 0 0 0 0 0 0])
  ("nycflights13_sqlite" .
   [0 0 1 0 0 0 0 0 0 0 0 0 0 0 0 0 0 0 0])))
